378	379	377
348	353	343
346	352	340
344	350	339
344	351	337
340	347	333
335	343	327
332	340	324
332	341	324
331	341	322
329	338	321
327	337	317
320	330	310
169	181	158
181	191	172
187	197	177
190	201	179
190	200	180
191	202	181
190	202	179
192	203	182
195	205	185
197	208	186
195	207	184
184	196	173
177	187	167
185	195	175
191	201	181
194	205	183
193	203	184
181	191	171
179	188	170
190	178	203
203	186	220
214	194	235
218	203	233
211	203	219
221	219	223
235	235	236
245	248	242
250	253	248
253	256	250
236	240	232
235	240	231
248	253	243
257	263	251
263	269	257
263	270	257
258	265	251
263	270	256
273	281	265
274	282	266
276	285	268
275	283	268
260	269	251
